9.490738746347841814e-02
2.882189954393154369e-02
1.198230376783691042e-01
-3.443402996912869329e-01
0.000000000000000000e+00
0.000000000000000000e+00
0.000000000000000000e+00
1.638454358405594113e-01
0.000000000000000000e+00
0.000000000000000000e+00
0.000000000000000000e+00
2.147940064357312107e-01
0.000000000000000000e+00
0.000000000000000000e+00
0.000000000000000000e+00
-2.760841459847772003e-02
-1.878506187822152618e-01
-2.793508889327058625e-02
7.065084457433996878e-02
-2.999626574312279081e-01
1.724959829092551356e-01
2.216795589380960163e-01
0.000000000000000000e+00
4.295831188048784277e-01
4.639893179726395367e-02
0.000000000000000000e+00
0.000000000000000000e+00
4.239255613215640595e-01
-9.617404850628806512e-02
0.000000000000000000e+00
0.000000000000000000e+00
3.261513829178752655e-01
1.050505494755191449e-01
-4.025648305949530627e-04
1.588895386113907959e-01
-2.596949339348936237e-01
1.772691114752937558e-01
0.000000000000000000e+00
0.000000000000000000e+00
2.278393852750644211e-01
0.000000000000000000e+00
0.000000000000000000e+00
0.000000000000000000e+00
1.402549724429748464e-02
-1.898730852727349983e-01
0.000000000000000000e+00
0.000000000000000000e+00
2.343330906624222221e-01
-7.063684812690003145e-01
-6.955332165785065301e-01
-5.791109861977633555e-01
-9.106392228465208794e-01
2.131582968259987942e-01
2.464934485304212664e-02
2.571180467299443162e-01
5.923658893091884869e-02
6.348749096954126037e-02
2.182019183944220245e-02
3.775407398377990387e-02
3.301394297027403918e-02
-1.674532628559905201e-01
2.404953507621510611e-01
3.556826824357014333e-02
2.761609646098748816e-01
-1.404259369288676229e-01
-1.238411192382727136e-02
7.062384545829954174e-02
-8.708852278943781666e-01
-1.837883854344063428e-01
5.318315260232639452e-02
1.808694625724199534e-01
-7.707859678156759875e-01
1.203474475213036354e-01
1.644544995394995879e-01
-1.179767607609804592e-01
-6.032012647867944777e-01
-2.815784985072322111e-01
1.676058020651776184e-02
-1.110866636912318482e-02
-5.839670229680539171e-01
3.708471117342253542e-01
2.296544538769969002e-01
2.927349456965482877e-01
-5.976286243429203004e-01
4.160724843435361087e-01
2.770948968883442110e-01
2.383336959551198841e-01
-2.820183599154061360e-01
0.000000000000000000e+00
4.413013807955616374e-01
0.000000000000000000e+00
-2.295794475279820390e-01
7.217807522519585628e-02
1.354542099060546678e-01
0.000000000000000000e+00
-2.151603196299593790e-01
1.703433358271496945e-01
2.343019537974331545e-01
3.597823193002829822e-01
-5.236823489952451283e-01
2.498581079095788804e-01
2.359918150175610574e-01
2.396975084261369904e-01
-3.118833171984490837e-01
3.054009417807216908e-01
3.641217865297510792e-01
0.000000000000000000e+00
-2.693116358365751917e-01
1.349094771725736774e-01
2.726684004794280858e-01
3.607159076854682955e-01
-2.319440535211393928e-01
6.384993062886919202e-02
1.855890624042963732e-01
9.394931280153995083e-04
-8.503870687473457091e-01
3.088283133466718788e-01
3.037118221972882615e-01
2.585312898601095921e-01
-3.891824287597290266e-01
1.219216818040225470e-01
4.295085512938839334e-01
0.000000000000000000e+00
-2.928272692580188297e-01
7.585053289082557826e-02
-3.536673712700988403e-02
3.038260452069599382e-01
-2.551850647589090082e-01
0.000000000000000000e+00
1.654047113617435338e-01
2.039953264696040269e-01
0.000000000000000000e+00
2.620291972703011618e-01
0.000000000000000000e+00
1.085144161441574939e-01
0.000000000000000000e+00
0.000000000000000000e+00
0.000000000000000000e+00
1.171535931827324684e-01
0.000000000000000000e+00
2.346366748902675714e-01
-2.266078879538194896e-02
-4.205759295075669479e-01
-8.068733965697006544e-03
2.052220615431753492e-01
1.520306000383925826e-01
4.554467828260245349e-02
1.500781457366835991e-01
1.877433271981442942e-01
2.876153782860975117e-01
2.234756030688328510e-02
1.503878584281531094e-01
1.771674179745558464e-01
3.253733594787718286e-01
2.543342932385298308e-02
-3.888491961199962502e-03
-1.952143346110266908e-01
1.029676100034497971e-01
-2.462971283465305306e-01
-1.139093563166414247e-01
2.584080420278878631e-01
8.580103150005455315e-02
1.776213280968159947e-01
0.000000000000000000e+00
4.172176386838069018e-01
2.520031849897420018e-01
-1.139404142413941862e-02
1.188204959299402896e-01
0.000000000000000000e+00
1.897743936378747109e-01
2.356330850982127911e-01
9.817020013819935387e-02
-2.384941724252640505e-01
-1.003937305717724771e-01
-2.378337605292325241e-01
-9.254566213228003491e-02
-1.005713536643830092e-01
3.159492582052031429e-02
-3.909602047598589314e-01
-1.518800857079465050e-01
9.651004698673261439e-02
4.140448332582630231e-02
-1.349903138014952597e-01
-2.204862015355318061e-01
-1.243657189617670550e-01
0.000000000000000000e+00
-3.332502512580711174e-01
-5.563438676009260092e-02
-1.415034544547160433e-01
-2.610965805370816795e-01
-8.511202866148895874e-01
-4.694692335126431360e-01
-1.690870523353168176e-01
4.364108415739552382e-02
3.241318680632308304e-03
-2.836437083713157503e-01
-6.260976284949557602e-01
-1.302790211351421631e-02
-1.531112017383276791e-01
-4.071988728867342311e-01
-1.369298310747627534e-01
1.770325929791249919e-01
8.328608609452230194e-02
1.344603235440101630e-01
-5.466223246930262958e-02
-1.911440049044575706e-01
3.203870958479575204e-02
-1.475441134541454480e-01
-2.251589872696717620e-01
-5.902488122971789875e-03
-5.245668616935422052e-02
-6.933635697725887281e-02
-2.323546443847888665e-01
4.782476812796240817e-02
-1.363574792115146254e-02
-3.122991962691227252e-01
4.535468125660317013e-02
1.636410523529259475e-01
2.279507617908226036e-02
-4.260528433371471059e-03
-1.342012818529531581e-01
1.523264415266251393e-01
2.237846077861936275e-02
-7.610553119535048983e-02
-1.132038646756783340e-01
2.931890494619679433e-01
3.098407009365368447e-02
2.654367271996840513e-02
-4.432364947099053099e-02
2.215610511190524989e-01
-3.239517928954124479e-03
-3.698693608246410303e-02
1.478521160311351279e-01
3.944497010065805553e-01
2.278356322693441682e-01
4.579923412170346930e-01
-1.690117812988074786e-01
2.823185034692883844e-01
1.206666836451072006e-01
1.054367402601530945e-01
-1.689204980873520723e-01
1.703733561044097622e-01
-6.665799606645033716e-03
-6.804398201966646575e-02
-8.322017053190032543e-02
2.962190027084496413e-01
1.303731072246928913e-01
-9.236019035237613695e-02
7.908733709760897013e-02
1.479524545234168209e-01
0.000000000000000000e+00
-1.177472706426197363e-01
5.492373131928145885e-02
2.131401956926288199e-01
0.000000000000000000e+00
-1.170376840902575544e-01
-4.487847301375619269e-02
3.794051524303827111e-02
9.488766696998043870e-02
-4.857517483925856416e-03
2.431586158030238018e-02
-1.144637334766572118e-01
-2.038920817071569400e-02
-1.193189216919453011e-01
1.237696741207004736e-01
1.658800645338869006e-01
1.279517088531465473e-02
-9.222196801281187795e-02
-6.020292469522972589e-02
1.590161608033341112e-01
2.028629080153031838e-01
-2.840643617015842573e-02
9.495745073130974767e-02
-1.409641116604189726e-01
1.328077058778380226e-01
-6.688516612075935674e-02
-7.102722808182321268e-02
-1.064276863117440824e-01
-1.089691489497640747e-01
-1.545711781805669816e-01
-1.379660792586185902e-01
-1.668837716014513750e-01
6.601460246286905420e-02
1.194498180205361970e-01
-7.065392365182462941e-02
2.494208636655307482e-02
-1.173948300584241877e-01
2.026342762130632080e-01
1.520315752906074569e-01
-1.888181432984606736e-02
2.043014848806564698e-01
6.678815959103351352e-02
-1.751381872364662640e-01
-9.485187672560346783e-02
-1.394093489248785234e-01
-1.800162790368474430e-01
-3.470998689539612353e-02
1.217821813364999839e-02
8.046241181452651325e-02
-9.420113359516894477e-03
1.829665642586890961e-01
6.717619959178262878e-02
2.390060235131593463e-02
1.627141610855717679e-01
7.025366870634089378e-02
4.647874230110191768e-02
1.848609146443242976e-04
-1.441943360313018008e-01
-1.061859498048760148e-01
-1.495728239641025969e-01
-1.223278108479884385e-01
-1.659476487532080824e-01
1.078091273513533260e-01
-6.396369387766374925e-02
1.849626342702371806e-01
-2.996551534887458360e-02
9.241381856502775549e-02
4.031550109013579825e-02
-4.782790840530913579e-02
1.516839081105148535e-01
6.103642040053210149e-02
1.223808073597925372e-01
-5.617664312964889411e-02
-1.710940037718413909e-01
-1.595025158324750725e-01
2.482021652708394158e-02
7.186020160067112250e-02
1.881481020238628399e-01
1.109962229785331905e-01
1.368244255815346810e-01
2.709693523908985810e-02
-7.964961793745077567e-02
-1.393013621205279884e-01
1.913516173161887435e-01
-2.144031377586821108e-01
-1.143876684740905841e-01
-1.509644216462144480e-02
-9.696411810435466572e-02
1.120605602687210767e-01
2.546979750256038177e-01
6.505806574328081293e-01
1.621079402806998859e-01
9.426894866260856348e-03